177
169
170
170
160
180
180
169
171
171
168
178
171
183
179
180
180
170
180
170
160
180
160
170
169
190
180
173
180
180
170
170
170
170
180
170
171
171
179
170
180
170
170
176
179
170
179
170
180
170
180
161
183
163
173
180
170
160
170
180
178
161
176
170
179
170
170
159
169
170
180
170
160
170
170
170
160
160
160
160
170
171
160
180
170
170
177
166
180
170
180
170
170
174
180
170
180
170
186
170
